#     Type isHeader isNonRef    PicId   Offset   Length
      SEI        1        0        0        0     1674
      VPS        1        0        0     1674       29
      SPS        1        0        0     1703       44
      PPS        1        0        0     1747       11
      IDR        0        0        0     1758    47399
      P/B        0        0        1    49157     7080
      P/B        0        0        2    56237     4435
      P/B        0        1        3    60672      377
      P/B        0        1        4    61049      734
      P/B        0        1        5    61783      389
      P/B        0        1        6    62172      385
      P/B        0        1        7    62557      761
      P/B        0        1        8    63318      447
      P/B        0        0        9    63765     2471
      P/B        0        1       10    66236      348
