#     Type isHeader isNonRef    PicId   Offset   Length
      SEI        1        0        0        0     1676
      VPS        1        0        0     1676       29
      SPS        1        0        0     1705       44
      PPS        1        0        0     1749       11
      IDR        0        0        0     1760   112817
      P/B        0        0        1   114577    20196
      P/B        0        0        2   134773    11074
      P/B        0        1        3   145847     1525
      P/B        0        1        4   147372     2622
      P/B        0        1        5   149994     1576
      P/B        0        1        6   151570     1598
      P/B        0        1        7   153168     2571
      P/B        0        1        8   155739     1701
      P/B        0        0        9   157440    24281
      P/B        0        0       10   181721    13351
      P/B        0        1       11   195072     2195
      P/B        0        1       12   197267     2438
      P/B        0        1       13   199705     2810
      P/B        0        1       14   202515     3803
