#     Type isHeader isNonRef    PicId   Offset   Length
      SEI        1        0        0        0     1674
      VPS        1        0        0     1674       29
      SPS        1        0        0     1703       44
      PPS        1        0        0     1747       11
      IDR        0        0        0     1758    48750
      P/B        0        0        1    50508     8226
      P/B        0        0        2    58734     4476
      P/B        0        1        3    63210      365
      P/B        0        1        4    63575      727
      P/B        0        1        5    64302      436
      P/B        0        1        6    64738      353
      P/B        0        1        7    65091      760
      P/B        0        1        8    65851      441
      P/B        0        0        9    66292     4150
      P/B        0        0       10    70442     1301
      P/B        0        1       11    71743      428
      P/B        0        1       12    72171      505
      P/B        0        1       13    72676      392
