#     Type isHeader isNonRef    PicId   Offset   Length
      SEI        1        0        0        0     1675
      VPS        1        0        0     1675       29
      SPS        1        0        0     1704       44
      PPS        1        0        0     1748       11
      IDR        0        0        0     1759   105706
      P/B        0        0        1   107465    12675
      P/B        0        0        2   120140    11246
      P/B        0        1        3   131386     1580
      P/B        0        1        4   132966     2628
      P/B        0        1        5   135594     1606
      P/B        0        1        6   137200     1577
      P/B        0        1        7   138777     2640
      P/B        0        1        8   141417     1924
