#     Type isHeader isNonRef    PicId   Offset   Length
      VPS        1        0        0        0       36
      SPS        1        0        0       36       74
      PPS        1        0        0      110       11
      IDR        0        0        0      121     7009
      IDR        0        0        0     7130    11509
      IDR        0        0        0    18639     8580
      IDR        0        0        0    27219    10430
      IDR        0        0        0    37649    12394
      IDR        0        0        0    50043    12108
      IDR        0        0        0    62151    11009
      IDR        0        0        0    73160    14707
      IDR        0        0        0    87867    14110
      IDR        0        0        0   101977    15963
      IDR        0        0        0   117940    13610
      IDR        0        0        0   131550    14193
      IDR        0        0        0   145743    10879
      IDR        0        0        0   156622     7317
      IDR        0        0        0   163939     8314
      P/B        0        0        1   172253     2052
      P/B        0        0        1   174305     3511
      P/B        0        0        1   177816      936
      P/B        0        0        1   178752     1059
      P/B        0        0        1   179811     3527
      P/B        0        0        1   183338     3195
      P/B        0        0        1   186533     2670
      P/B        0        0        1   189203     6867
      P/B        0        0        1   196070     6836
      P/B        0        0        1   202906     8587
      P/B        0        0        1   211493     6715
      P/B        0        0        1   218208     7012
      P/B        0        0        1   225220     4991
      P/B        0        0        1   230211     3611
      P/B        0        0        1   233822     3919
      P/B        0        0        2   237741      539
      P/B        0        0        2   238280     1585
      P/B        0        0        2   239865      118
      P/B        0        0        2   239983       67
      P/B        0        0        2   240050     1221
      P/B        0        0        2   241271     1523
      P/B        0        0        2   242794     1348
      P/B        0        0        2   244142     4567
      P/B        0        0        2   248709     4267
      P/B        0        0        2   252976     6012
      P/B        0        0        2   258988     4255
      P/B        0        0        2   263243     4457
      P/B        0        0        2   267700     3212
      P/B        0        0        2   270912     2195
      P/B        0        0        2   273107     2345
      P/B        0        1        3   275452       26
      P/B        0        1        3   275478       73
      P/B        0        1        3   275551       28
      P/B        0        1        3   275579       19
      P/B        0        1        3   275598       58
      P/B        0        1        3   275656       57
      P/B        0        1        3   275713      128
      P/B        0        1        3   275841      683
      P/B        0        1        3   276524      720
      P/B        0        1        3   277244     1139
      P/B        0        1        3   278383      842
      P/B        0        1        3   279225      868
      P/B        0        1        3   280093      682
      P/B        0        1        3   280775      435
      P/B        0        1        3   281210      494
      P/B        0        1        4   281704       16
      P/B        0        1        4   281720       24
      P/B        0        1        4   281744       20
      P/B        0        1        4   281764       16
      P/B        0        1        4   281780       17
      P/B        0        1        4   281797       17
      P/B        0        1        4   281814       32
      P/B        0        1        4   281846       77
      P/B        0        1        4   281923      120
      P/B        0        1        4   282043      167
      P/B        0        1        4   282210      229
      P/B        0        1        4   282439      216
      P/B        0        1        4   282655      178
      P/B        0        1        4   282833      137
      P/B        0        1        4   282970      181
      P/B        0        1        5   283151       16
      P/B        0        1        5   283167       17
      P/B        0        1        5   283184       16
      P/B        0        1        5   283200       15
      P/B        0        1        5   283215       19
      P/B        0        1        5   283234       15
      P/B        0        1        5   283249       17
      P/B        0        1        5   283266       19
      P/B        0        1        5   283285       20
      P/B        0        1        5   283305       18
      P/B        0        1        5   283323       38
      P/B        0        1        5   283361       30
      P/B        0        1        5   283391       34
      P/B        0        1        5   283425       35
      P/B        0        1        5   283460       39
      P/B        0        1        6   283499       14
      P/B        0        1        6   283513       15
      P/B        0        1        6   283528       15
      P/B        0        1        6   283543       15
      P/B        0        1        6   283558       15
      P/B        0        1        6   283573       15
      P/B        0        1        6   283588       15
      P/B        0        1        6   283603       15
      P/B        0        1        6   283618       17
      P/B        0        1        6   283635       16
      P/B        0        1        6   283651       20
      P/B        0        1        6   283671       18
      P/B        0        1        6   283689       21
      P/B        0        1        6   283710       20
      P/B        0        1        6   283730       25
      P/B        0        1        7   283755       14
      P/B        0        1        7   283769       15
      P/B        0        1        7   283784       15
      P/B        0        1        7   283799       15
      P/B        0        1        7   283814       15
      P/B        0        1        7   283829       15
      P/B        0        1        7   283844       16
      P/B        0        1        7   283860       20
      P/B        0        1        7   283880       28
      P/B        0        1        7   283908       19
      P/B        0        1        7   283927       26
      P/B        0        1        7   283953       24
      P/B        0        1        7   283977       29
      P/B        0        1        7   284006       24
      P/B        0        1        7   284030       24
      P/B        0        1        8   284054       13
      P/B        0        1        8   284067       14
      P/B        0        1        8   284081       14
      P/B        0        1        8   284095       14
      P/B        0        1        8   284109       14
      P/B        0        1        8   284123       14
      P/B        0        1        8   284137       14
      P/B        0        1        8   284151       14
      P/B        0        1        8   284165       14
      P/B        0        1        8   284179       14
      P/B        0        1        8   284193       15
      P/B        0        1        8   284208       15
      P/B        0        1        8   284223       14
      P/B        0        1        8   284237       14
      P/B        0        1        8   284251       14
      P/B        0        1        9   284265       13
      P/B        0        1        9   284278       14
      P/B        0        1        9   284292       14
      P/B        0        1        9   284306       14
      P/B        0        1        9   284320       14
      P/B        0        1        9   284334       14
      P/B        0        1        9   284348       14
      P/B        0        1        9   284362       14
      P/B        0        1        9   284376       14
      P/B        0        1        9   284390       14
      P/B        0        1        9   284404       15
      P/B        0        1        9   284419       15
      P/B        0        1        9   284434       15
      P/B        0        1        9   284449       14
      P/B        0        1        9   284463       16
      P/B        0        1       10   284479       16
      P/B        0        1       10   284495       20
      P/B        0        1       10   284515       21
      P/B        0        1       10   284536       18
      P/B        0        1       10   284554       19
      P/B        0        1       10   284573       18
      P/B        0        1       10   284591       18
      P/B        0        1       10   284609       23
      P/B        0        1       10   284632       22
      P/B        0        1       10   284654       18
      P/B        0        1       10   284672       22
      P/B        0        1       10   284694       25
      P/B        0        1       10   284719       27
      P/B        0        1       10   284746       21
      P/B        0        1       10   284767       31
      P/B        0        1       11   284798       14
      P/B        0        1       11   284812       14
      P/B        0        1       11   284826       14
      P/B        0        1       11   284840       14
      P/B        0        1       11   284854       14
      P/B        0        1       11   284868       14
      P/B        0        1       11   284882       16
      P/B        0        1       11   284898       14
      P/B        0        1       11   284912       14
      P/B        0        1       11   284926       14
      P/B        0        1       11   284940       14
      P/B        0        1       11   284954       14
      P/B        0        1       11   284968       16
      P/B        0        1       11   284984       17
      P/B        0        1       11   285001       14
      P/B        0        1       12   285015       13
      P/B        0        1       12   285028       14
      P/B        0        1       12   285042       14
      P/B        0        1       12   285056       14
      P/B        0        1       12   285070       14
      P/B        0        1       12   285084       14
      P/B        0        1       12   285098       14
      P/B        0        1       12   285112       14
      P/B        0        1       12   285126       14
      P/B        0        1       12   285140       14
      P/B        0        1       12   285154       14
      P/B        0        1       12   285168       14
      P/B        0        1       12   285182       16
      P/B        0        1       12   285198       18
      P/B        0        1       12   285216       17
      P/B        0        1       13   285233       13
      P/B        0        1       13   285246       14
      P/B        0        1       13   285260       14
      P/B        0        1       13   285274       14
      P/B        0        1       13   285288       14
      P/B        0        1       13   285302       14
      P/B        0        1       13   285316       14
      P/B        0        1       13   285330       14
      P/B        0        1       13   285344       14
      P/B        0        1       13   285358       15
      P/B        0        1       13   285373       14
      P/B        0        1       13   285387       21
      P/B        0        1       13   285408       16
      P/B        0        1       13   285424       17
      P/B        0        1       13   285441       14
      P/B        0        1       14   285455       13
      P/B        0        1       14   285468       15
      P/B        0        1       14   285483       14
      P/B        0        1       14   285497       14
      P/B        0        1       14   285511       17
      P/B        0        1       14   285528       14
      P/B        0        1       14   285542       14
      P/B        0        1       14   285556       14
      P/B        0        1       14   285570       16
      P/B        0        1       14   285586       17
      P/B        0        1       14   285603       15
      P/B        0        1       14   285618       14
      P/B        0        1       14   285632       21
      P/B        0        1       14   285653       18
      P/B        0        1       14   285671       14
      P/B        0        1       15   285685       13
      P/B        0        1       15   285698       14
      P/B        0        1       15   285712       14
      P/B        0        1       15   285726       14
      P/B        0        1       15   285740       14
      P/B        0        1       15   285754       14
      P/B        0        1       15   285768       16
      P/B        0        1       15   285784       16
      P/B        0        1       15   285800       14
      P/B        0        1       15   285814       14
      P/B        0        1       15   285828       14
      P/B        0        1       15   285842       17
      P/B        0        1       15   285859       16
      P/B        0        1       15   285875       20
      P/B        0        1       15   285895       19
      P/B        0        1       16   285914       13
      P/B        0        1       16   285927       14
      P/B        0        1       16   285941       14
      P/B        0        1       16   285955       14
      P/B        0        1       16   285969       14
      P/B        0        1       16   285983       14
      P/B        0        1       16   285997       14
      P/B        0        1       16   286011       14
      P/B        0        1       16   286025       14
      P/B        0        1       16   286039       14
      P/B        0        1       16   286053       14
      P/B        0        1       16   286067       14
      P/B        0        1       16   286081       14
      P/B        0        1       16   286095       17
      P/B        0        1       16   286112       19
      P/B        0        0       17   286131       48
      P/B        0        0       17   286179      119
      P/B        0        0       17   286298       55
      P/B        0        0       17   286353       22
      P/B        0        0       17   286375      188
      P/B        0        0       17   286563      198
      P/B        0        0       17   286761      251
      P/B        0        0       17   287012      840
      P/B        0        0       17   287852      922
      P/B        0        0       17   288774     1291
      P/B        0        0       17   290065      959
      P/B        0        0       17   291024      881
      P/B        0        0       17   291905      606
      P/B        0        0       17   292511      548
      P/B        0        0       17   293059      485
      P/B        0        1       18   293544       19
      P/B        0        1       18   293563       22
      P/B        0        1       18   293585       23
      P/B        0        1       18   293608       19
      P/B        0        1       18   293627       22
      P/B        0        1       18   293649       20
      P/B        0        1       18   293669       27
      P/B        0        1       18   293696       48
      P/B        0        1       18   293744       74
      P/B        0        1       18   293818       53
      P/B        0        1       18   293871       67
      P/B        0        1       18   293938       94
      P/B        0        1       18   294032       86
      P/B        0        1       18   294118       97
      P/B        0        1       18   294215       74
      P/B        0        1       19   294289       18
      P/B        0        1       19   294307       17
      P/B        0        1       19   294324       17
      P/B        0        1       19   294341       17
      P/B        0        1       19   294358       17
      P/B        0        1       19   294375       20
      P/B        0        1       19   294395       17
      P/B        0        1       19   294412       17
      P/B        0        1       19   294429       23
      P/B        0        1       19   294452       18
      P/B        0        1       19   294470       19
      P/B        0        1       19   294489       24
      P/B        0        1       19   294513       26
      P/B        0        1       19   294539       24
      P/B        0        1       19   294563       24
      P/B        0        1       20   294587       15
      P/B        0        1       20   294602       16
      P/B        0        1       20   294618       16
      P/B        0        1       20   294634       16
      P/B        0        1       20   294650       16
      P/B        0        1       20   294666       16
      P/B        0        1       20   294682       16
      P/B        0        1       20   294698       16
      P/B        0        1       20   294714       16
      P/B        0        1       20   294730       16
      P/B        0        1       20   294746       16
      P/B        0        1       20   294762       16
      P/B        0        1       20   294778       16
      P/B        0        1       20   294794       17
      P/B        0        1       20   294811       16
      P/B        0        1       21   294827       15
      P/B        0        1       21   294842       16
      P/B        0        1       21   294858       16
      P/B        0        1       21   294874       16
      P/B        0        1       21   294890       16
      P/B        0        1       21   294906       16
      P/B        0        1       21   294922       16
      P/B        0        1       21   294938       16
      P/B        0        1       21   294954       16
      P/B        0        1       21   294970       16
      P/B        0        1       21   294986       16
      P/B        0        1       21   295002       17
      P/B        0        1       21   295019       16
      P/B        0        1       21   295035       19
      P/B        0        1       21   295054       18
      P/B        0        1       22   295072       16
      P/B        0        1       22   295088       19
      P/B        0        1       22   295107       17
      P/B        0        1       22   295124       17
      P/B        0        1       22   295141       18
      P/B        0        1       22   295159       17
      P/B        0        1       22   295176       18
      P/B        0        1       22   295194       17
      P/B        0        1       22   295211       19
      P/B        0        1       22   295230       18
      P/B        0        1       22   295248       19
      P/B        0        1       22   295267       18
      P/B        0        1       22   295285       18
      P/B        0        1       22   295303       19
      P/B        0        1       22   295322       19
      P/B        0        1       23   295341       15
      P/B        0        1       23   295356       15
      P/B        0        1       23   295371       15
      P/B        0        1       23   295386       15
      P/B        0        1       23   295401       15
      P/B        0        1       23   295416       15
      P/B        0        1       23   295431       15
      P/B        0        1       23   295446       15
      P/B        0        1       23   295461       15
      P/B        0        1       23   295476       15
      P/B        0        1       23   295491       15
      P/B        0        1       23   295506       15
      P/B        0        1       23   295521       15
      P/B        0        1       23   295536       15
      P/B        0        1       23   295551       16
      P/B        0        1       24   295567       15
      P/B        0        1       24   295582       16
      P/B        0        1       24   295598       16
      P/B        0        1       24   295614       16
      P/B        0        1       24   295630       16
      P/B        0        1       24   295646       16
      P/B        0        1       24   295662       16
      P/B        0        1       24   295678       16
      P/B        0        1       24   295694       16
      P/B        0        1       24   295710       16
      P/B        0        1       24   295726       16
      P/B        0        1       24   295742       16
      P/B        0        1       24   295758       21
      P/B        0        1       24   295779       17
      P/B        0        1       24   295796       19
      P/B        0        1       25   295815       18
      P/B        0        1       25   295833       21
      P/B        0        1       25   295854       21
      P/B        0        1       25   295875       17
      P/B        0        1       25   295892       19
      P/B        0        1       25   295911       19
      P/B        0        1       25   295930       18
      P/B        0        1       25   295948       22
      P/B        0        1       25   295970       22
      P/B        0        1       25   295992       19
      P/B        0        1       25   296011       23
      P/B        0        1       25   296034       36
      P/B        0        1       25   296070       34
      P/B        0        1       25   296104       38
      P/B        0        1       25   296142       30
      P/B        0        1       26   296172       15
      P/B        0        1       26   296187       15
      P/B        0        1       26   296202       15
      P/B        0        1       26   296217       15
      P/B        0        1       26   296232       15
      P/B        0        1       26   296247       15
      P/B        0        1       26   296262       15
      P/B        0        1       26   296277       15
      P/B        0        1       26   296292       16
      P/B        0        1       26   296308       15
      P/B        0        1       26   296323       17
      P/B        0        1       26   296340       15
      P/B        0        1       26   296355       20
      P/B        0        1       26   296375       17
      P/B        0        1       26   296392       17
      P/B        0        1       27   296409       15
      P/B        0        1       27   296424       15
      P/B        0        1       27   296439       15
      P/B        0        1       27   296454       15
      P/B        0        1       27   296469       15
      P/B        0        1       27   296484       15
      P/B        0        1       27   296499       15
      P/B        0        1       27   296514       15
      P/B        0        1       27   296529       15
      P/B        0        1       27   296544       15
      P/B        0        1       27   296559       16
      P/B        0        1       27   296575       15
      P/B        0        1       27   296590       16
      P/B        0        1       27   296606       17
      P/B        0        1       27   296623       20
      P/B        0        1       28   296643       15
      P/B        0        1       28   296658       16
      P/B        0        1       28   296674       16
      P/B        0        1       28   296690       16
      P/B        0        1       28   296706       16
      P/B        0        1       28   296722       16
      P/B        0        1       28   296738       16
      P/B        0        1       28   296754       16
      P/B        0        1       28   296770       16
      P/B        0        1       28   296786       16
      P/B        0        1       28   296802       18
      P/B        0        1       28   296820       17
      P/B        0        1       28   296837       17
      P/B        0        1       28   296854       18
      P/B        0        1       28   296872       22
      P/B        0        1       29   296894       15
      P/B        0        1       29   296909       16
      P/B        0        1       29   296925       16
      P/B        0        1       29   296941       16
      P/B        0        1       29   296957       17
      P/B        0        1       29   296974       16
      P/B        0        1       29   296990       17
      P/B        0        1       29   297007       19
      P/B        0        1       29   297026       25
      P/B        0        1       29   297051       23
      P/B        0        1       29   297074       21
      P/B        0        1       29   297095       16
      P/B        0        1       29   297111       23
      P/B        0        1       29   297134       22
      P/B        0        1       29   297156       20
      P/B        0        1       30   297176       16
      P/B        0        1       30   297192       15
      P/B        0        1       30   297207       15
      P/B        0        1       30   297222       15
      P/B        0        1       30   297237       15
      P/B        0        1       30   297252       15
      P/B        0        1       30   297267       20
      P/B        0        1       30   297287       19
      P/B        0        1       30   297306       15
      P/B        0        1       30   297321       15
      P/B        0        1       30   297336       15
      P/B        0        1       30   297351       15
      P/B        0        1       30   297366       15
      P/B        0        1       30   297381       15
      P/B        0        1       30   297396       15
      P/B        0        1       31   297411       15
      P/B        0        1       31   297426       16
      P/B        0        1       31   297442       17
      P/B        0        1       31   297459       16
      P/B        0        1       31   297475       17
      P/B        0        1       31   297492       16
      P/B        0        1       31   297508       16
      P/B        0        1       31   297524       16
      P/B        0        1       31   297540       16
      P/B        0        1       31   297556       16
      P/B        0        1       31   297572       17
      P/B        0        1       31   297589       23
      P/B        0        1       31   297612       28
      P/B        0        1       31   297640       30
      P/B        0        1       31   297670       22
