#     Type isHeader isNonRef    PicId   Offset   Length
      SEI        1        0        0        0     1628
      VPS        1        0        0     1628       28
      SPS        1        0        0     1656       44
      PPS        1        0        0     1700       12
      IDR        0        0        0     1712    14818
      P/B        0        0        1    16530     3911
      P/B        0        0        2    20441     1174
      P/B        0        1        3    21615      505
      P/B        0        1        4    22120      579
      P/B        0        0        5    22699     4570
      P/B        0        0        6    27269     1350
      P/B        0        1        7    28619      598
      P/B        0        1        8    29217      563
      P/B        0        0        9    29780     4321
      P/B        0        0       10    34101     1386
      P/B        0        1       11    35487      618
      P/B        0        1       12    36105      614
      P/B        0        0       13    36719     3696
      P/B        0        0       14    40415      890
      P/B        0        1       15    41305      676
      P/B        0        0       16    41981     4452
      P/B        0        0       17    46433     1454
      P/B        0        1       18    47887      578
      P/B        0        1       19    48465      580
      P/B        0        0       20    49045     4429
      P/B        0        0       21    53474     1431
      P/B        0        1       22    54905      651
      P/B        0        1       23    55556      557
      P/B        0        0       24    56113     4353
      P/B        0        0       25    60466     1394
      P/B        0        1       26    61860      592
      P/B        0        1       27    62452      563
      P/B        0        0       28    63015     4382
      P/B        0        0       29    67397     1291
      P/B        0        1       30    68688      640
      P/B        0        1       31    69328      538
