#     Type isHeader isNonRef    PicId   Offset   Length
      VPS        1        0        0        0       36
      SPS        1        0        0       36       74
      PPS        1        0        0      110       11
      IDR        0        0        0      121    13541
      IDR        0        0        0    13662     2756
      IDR        0        0        0    16418    21852
      IDR        0        0        0    38270     4267
      IDR        0        0        0    42537    32241
      IDR        0        0        0    74778     4471
      IDR        0        0        0    79249    24734
      IDR        0        0        0   103983     2491
      IDR        0        0        0   106474     5753
      P/B        0        0        1   112227     2675
      P/B        0        0        1   114902       80
      P/B        0        0        1   114982     3111
      P/B        0        0        1   118093     1126
      P/B        0        0        1   119219    12318
      P/B        0        0        1   131537     1614
      P/B        0        0        1   133151     9083
      P/B        0        0        1   142234      949
      P/B        0        0        1   143183     2065
      P/B        0        0        2   145248      504
      P/B        0        0        2   145752       12
      P/B        0        0        2   145764      906
      P/B        0        0        2   146670      452
      P/B        0        0        2   147122     6424
      P/B        0        0        2   153546      818
      P/B        0        0        2   154364     4612
      P/B        0        0        2   158976      476
      P/B        0        0        2   159452     1030
      P/B        0        1        3   160482       41
      P/B        0        1        3   160523       10
      P/B        0        1        3   160533       26
      P/B        0        1        3   160559       27
      P/B        0        1        3   160586      627
      P/B        0        1        3   161213      140
      P/B        0        1        3   161353      730
      P/B        0        1        3   162083       94
      P/B        0        1        3   162177      183
      P/B        0        1        4   162360       21
      P/B        0        1        4   162381       10
      P/B        0        1        4   162391       19
      P/B        0        1        4   162410       10
      P/B        0        1        4   162420       54
      P/B        0        1        4   162474       25
      P/B        0        1        4   162499      118
      P/B        0        1        4   162617       27
      P/B        0        1        4   162644       53
      P/B        0        1        5   162697       14
      P/B        0        1        5   162711       10
      P/B        0        1        5   162721       15
      P/B        0        1        5   162736       10
      P/B        0        1        5   162746       16
      P/B        0        1        5   162762       13
      P/B        0        1        5   162775       19
      P/B        0        1        5   162794       12
      P/B        0        1        5   162806       22
      P/B        0        1        6   162828       13
      P/B        0        1        6   162841       10
      P/B        0        1        6   162851       14
      P/B        0        1        6   162865       10
      P/B        0        1        6   162875       14
      P/B        0        1        6   162889       10
      P/B        0        1        6   162899       18
      P/B        0        1        6   162917       11
      P/B        0        1        6   162928       17
      P/B        0        1        7   162945       14
      P/B        0        1        7   162959       10
      P/B        0        1        7   162969       16
      P/B        0        1        7   162985       10
      P/B        0        1        7   162995       22
      P/B        0        1        7   163017       11
      P/B        0        1        7   163028       22
      P/B        0        1        7   163050       11
      P/B        0        1        7   163061       19
      P/B        0        1        8   163080       13
      P/B        0        1        8   163093       10
      P/B        0        1        8   163103       14
      P/B        0        1        8   163117       10
      P/B        0        1        8   163127       14
      P/B        0        1        8   163141       10
      P/B        0        1        8   163151       15
      P/B        0        1        8   163166       10
      P/B        0        1        8   163176       15
      P/B        0        1        9   163191       13
      P/B        0        1        9   163204       10
      P/B        0        1        9   163214       14
      P/B        0        1        9   163228       10
      P/B        0        1        9   163238       15
      P/B        0        1        9   163253       10
      P/B        0        1        9   163263       23
      P/B        0        1        9   163286       10
      P/B        0        1        9   163296       15
      P/B        0        1       10   163311       19
      P/B        0        1       10   163330       10
      P/B        0        1       10   163340       20
      P/B        0        1       10   163360       10
      P/B        0        1       10   163370       39
      P/B        0        1       10   163409       16
      P/B        0        1       10   163425       38
      P/B        0        1       10   163463       12
      P/B        0        1       10   163475       20
      P/B        0        1       11   163495       15
      P/B        0        1       11   163510       10
      P/B        0        1       11   163520       14
      P/B        0        1       11   163534       10
      P/B        0        1       11   163544       15
      P/B        0        1       11   163559       10
      P/B        0        1       11   163569       19
      P/B        0        1       11   163588       10
      P/B        0        1       11   163598       19
      P/B        0        1       12   163617       13
      P/B        0        1       12   163630       10
      P/B        0        1       12   163640       14
      P/B        0        1       12   163654       10
      P/B        0        1       12   163664       14
      P/B        0        1       12   163678       10
      P/B        0        1       12   163688       17
      P/B        0        1       12   163705       10
      P/B        0        1       12   163715       17
      P/B        0        1       13   163732       13
      P/B        0        1       13   163745       10
      P/B        0        1       13   163755       14
      P/B        0        1       13   163769       10
      P/B        0        1       13   163779       14
      P/B        0        1       13   163793       10
      P/B        0        1       13   163803       16
      P/B        0        1       13   163819       16
      P/B        0        1       13   163835       22
      P/B        0        1       14   163857       16
      P/B        0        1       14   163873       10
      P/B        0        1       14   163883       20
      P/B        0        1       14   163903       10
      P/B        0        1       14   163913       16
      P/B        0        1       14   163929       10
      P/B        0        1       14   163939       30
      P/B        0        1       14   163969       11
      P/B        0        1       14   163980       16
      P/B        0        1       15   163996       17
      P/B        0        1       15   164013       10
      P/B        0        1       15   164023       14
      P/B        0        1       15   164037       10
      P/B        0        1       15   164047       14
      P/B        0        1       15   164061       13
      P/B        0        1       15   164074       15
      P/B        0        1       15   164089       10
      P/B        0        1       15   164099       15
      P/B        0        1       16   164114       13
      P/B        0        1       16   164127       10
      P/B        0        1       16   164137       14
      P/B        0        1       16   164151       10
      P/B        0        1       16   164161       14
      P/B        0        1       16   164175       10
      P/B        0        1       16   164185       21
      P/B        0        1       16   164206       10
      P/B        0        1       16   164216       18
      P/B        0        0       17   164234      201
      P/B        0        0       17   164435       14
      P/B        0        0       17   164449      411
      P/B        0        0       17   164860      213
      P/B        0        0       17   165073     2971
      P/B        0        0       17   168044      448
      P/B        0        0       17   168492     2251
      P/B        0        0       17   170743      271
      P/B        0        0       17   171014      500
      P/B        0        1       18   171514       24
      P/B        0        1       18   171538       10
      P/B        0        1       18   171548       26
      P/B        0        1       18   171574       11
      P/B        0        1       18   171585      161
      P/B        0        1       18   171746       42
      P/B        0        1       18   171788      218
      P/B        0        1       18   172006       40
      P/B        0        1       18   172046       65
      P/B        0        1       19   172111       20
      P/B        0        1       19   172131       10
      P/B        0        1       19   172141       23
      P/B        0        1       19   172164       10
      P/B        0        1       19   172174       24
      P/B        0        1       19   172198       12
      P/B        0        1       19   172210       34
      P/B        0        1       19   172244       14
      P/B        0        1       19   172258       28
      P/B        0        1       20   172286       16
      P/B        0        1       20   172302       10
      P/B        0        1       20   172312       16
      P/B        0        1       20   172328       10
      P/B        0        1       20   172338       17
      P/B        0        1       20   172355       10
      P/B        0        1       20   172365       18
      P/B        0        1       20   172383       10
      P/B        0        1       20   172393       17
      P/B        0        1       21   172410       16
      P/B        0        1       21   172426       10
      P/B        0        1       21   172436       16
      P/B        0        1       21   172452       10
      P/B        0        1       21   172462       17
      P/B        0        1       21   172479       10
      P/B        0        1       21   172489       18
      P/B        0        1       21   172507       10
      P/B        0        1       21   172517       17
      P/B        0        1       22   172534       17
      P/B        0        1       22   172551       10
      P/B        0        1       22   172561       18
      P/B        0        1       22   172579       10
      P/B        0        1       22   172589       21
      P/B        0        1       22   172610       11
      P/B        0        1       22   172621       24
      P/B        0        1       22   172645       11
      P/B        0        1       22   172656       24
      P/B        0        1       23   172680       15
      P/B        0        1       23   172695       10
      P/B        0        1       23   172705       16
      P/B        0        1       23   172721       10
      P/B        0        1       23   172731       16
      P/B        0        1       23   172747       10
      P/B        0        1       23   172757       17
      P/B        0        1       23   172774       11
      P/B        0        1       23   172785       17
      P/B        0        1       24   172802       15
      P/B        0        1       24   172817       10
      P/B        0        1       24   172827       16
      P/B        0        1       24   172843       10
      P/B        0        1       24   172853       16
      P/B        0        1       24   172869       10
      P/B        0        1       24   172879       22
      P/B        0        1       24   172901       10
      P/B        0        1       24   172911       19
      P/B        0        1       25   172930       22
      P/B        0        1       25   172952       10
      P/B        0        1       25   172962       23
      P/B        0        1       25   172985       10
      P/B        0        1       25   172995       29
      P/B        0        1       25   173024       14
      P/B        0        1       25   173038       48
      P/B        0        1       25   173086       18
      P/B        0        1       25   173104       28
      P/B        0        1       26   173132       16
      P/B        0        1       26   173148       10
      P/B        0        1       26   173158       16
      P/B        0        1       26   173174       10
      P/B        0        1       26   173184       17
      P/B        0        1       26   173201       10
      P/B        0        1       26   173211       27
      P/B        0        1       26   173238       12
      P/B        0        1       26   173250       18
      P/B        0        1       27   173268       15
      P/B        0        1       27   173283       10
      P/B        0        1       27   173293       16
      P/B        0        1       27   173309       10
      P/B        0        1       27   173319       16
      P/B        0        1       27   173335       10
      P/B        0        1       27   173345       19
      P/B        0        1       27   173364       11
      P/B        0        1       27   173375       18
      P/B        0        1       28   173393       15
      P/B        0        1       28   173408       10
      P/B        0        1       28   173418       16
      P/B        0        1       28   173434       10
      P/B        0        1       28   173444       23
      P/B        0        1       28   173467       15
      P/B        0        1       28   173482       19
      P/B        0        1       28   173501       10
      P/B        0        1       28   173511       22
      P/B        0        1       29   173533       16
      P/B        0        1       29   173549       10
      P/B        0        1       29   173559       18
      P/B        0        1       29   173577       14
      P/B        0        1       29   173591       29
      P/B        0        1       29   173620       13
      P/B        0        1       29   173633       32
      P/B        0        1       29   173665       14
      P/B        0        1       29   173679       21
      P/B        0        1       30   173700       15
      P/B        0        1       30   173715       10
      P/B        0        1       30   173725       19
      P/B        0        1       30   173744       10
      P/B        0        1       30   173754       16
      P/B        0        1       30   173770       10
      P/B        0        1       30   173780       20
      P/B        0        1       30   173800       11
      P/B        0        1       30   173811       17
      P/B        0        1       31   173828       18
      P/B        0        1       31   173846       10
      P/B        0        1       31   173856       16
      P/B        0        1       31   173872       10
      P/B        0        1       31   173882       20
      P/B        0        1       31   173902       10
      P/B        0        1       31   173912       26
      P/B        0        1       31   173938       11
      P/B        0        1       31   173949       17
