#     Type isHeader isNonRef    PicId   Offset   Length
      VPS        1        0        0        0       36
      SPS        1        0        0       36       74
      PPS        1        0        0      110       11
      IDR        0        0        0      121     1277
      IDR        0        0        0     1398     1147
      IDR        0        0        0     2545     2093
      IDR        0        0        0     4638     2529
      IDR        0        0        0     7167     2762
      IDR        0        0        0     9929     3117
      IDR        0        0        0    13046     3542
      IDR        0        0        0    16588     2135
      IDR        0        0        0    18723     2034
      IDR        0        0        0    20757     2020
      IDR        0        0        0    22777     1903
      IDR        0        0        0    24680     2661
      IDR        0        0        0    27341     2711
      IDR        0        0        0    30052     2570
      IDR        0        0        0    32622     2618
      IDR        0        0        0    35240     2548
      IDR        0        0        0    37788     2590
      IDR        0        0        0    40378     3193
      IDR        0        0        0    43571     3293
      IDR        0        0        0    46864     3339
      IDR        0        0        0    50203     3054
      IDR        0        0        0    53257     3457
      IDR        0        0        0    56714     3105
      IDR        0        0        0    59819     2502
      IDR        0        0        0    62321     2387
      IDR        0        0        0    64708     2324
      IDR        0        0        0    67032     2763
      IDR        0        0        0    69795     3542
      IDR        0        0        0    73337     3492
      IDR        0        0        0    76829     3464
      IDR        0        0        0    80293     3879
      IDR        0        0        0    84172     3923
      IDR        0        0        0    88095     3573
      IDR        0        0        0    91668     3158
      IDR        0        0        0    94826     3525
      IDR        0        0        0    98351     3893
      IDR        0        0        0   102244     4043
      IDR        0        0        0   106287     3992
      IDR        0        0        0   110279     3979
      IDR        0        0        0   114258     3992
      IDR        0        0        0   118250     3255
      IDR        0        0        0   121505     3331
      IDR        0        0        0   124836     3635
      IDR        0        0        0   128471     3409
      IDR        0        0        0   131880     3582
      IDR        0        0        0   135462     3620
      IDR        0        0        0   139082     3506
      IDR        0        0        0   142588     3526
      IDR        0        0        0   146114     3607
      IDR        0        0        0   149721     3342
      IDR        0        0        0   153063     2041
      IDR        0        0        0   155104     1955
      IDR        0        0        0   157059     1697
      IDR        0        0        0   158756     1822
      IDR        0        0        0   160578     1776
      IDR        0        0        0   162354     2050
      IDR        0        0        0   164404     2266
      IDR        0        0        0   166670     2140
      IDR        0        0        0   168810     2037
      IDR        0        0        0   170847     1900
      P/B        0        0        1   172747      304
      P/B        0        0        1   173051      211
      P/B        0        0        1   173262      834
      P/B        0        0        1   174096      719
      P/B        0        0        1   174815      663
      P/B        0        0        1   175478     1022
      P/B        0        0        1   176500     1431
      P/B        0        0        1   177931      450
      P/B        0        0        1   178381      223
      P/B        0        0        1   178604      355
      P/B        0        0        1   178959      375
      P/B        0        0        1   179334      370
      P/B        0        0        1   179704      417
      P/B        0        0        1   180121      264
      P/B        0        0        1   180385      678
      P/B        0        0        1   181063     1094
      P/B        0        0        1   182157      889
      P/B        0        0        1   183046      942
      P/B        0        0        1   183988      897
      P/B        0        0        1   184885     1321
      P/B        0        0        1   186206      819
      P/B        0        0        1   187025      185
      P/B        0        0        1   187210      326
      P/B        0        0        1   187536      914
      P/B        0        0        1   188450     1483
      P/B        0        0        1   189933     1455
      P/B        0        0        1   191388     1376
      P/B        0        0        1   192764     2013
      P/B        0        0        1   194777     2060
      P/B        0        0        1   196837     1737
      P/B        0        0        1   198574     1346
      P/B        0        0        1   199920     1702
      P/B        0        0        1   201622     2054
      P/B        0        0        1   203676     2266
      P/B        0        0        1   205942     2184
      P/B        0        0        1   208126     2127
      P/B        0        0        1   210253     2064
      P/B        0        0        1   212317     1543
      P/B        0        0        1   213860     1659
      P/B        0        0        1   215519     1838
      P/B        0        0        1   217357     1710
      P/B        0        0        1   219067     1835
      P/B        0        0        1   220902     1695
      P/B        0        0        1   222597     1668
      P/B        0        0        1   224265     1843
      P/B        0        0        1   226108     1657
      P/B        0        0        1   227765     1600
      P/B        0        0        1   229365      894
      P/B        0        0        1   230259      854
      P/B        0        0        1   231113      880
      P/B        0        0        1   231993      864
      P/B        0        0        1   232857      864
      P/B        0        0        1   233721     1035
      P/B        0        0        1   234756     1185
      P/B        0        0        1   235941      968
      P/B        0        0        1   236909      992
      P/B        0        0        1   237901      850
      P/B        0        0        2   238751      344
      P/B        0        0        2   239095      207
      P/B        0        0        2   239302      286
      P/B        0        0        2   239588      419
      P/B        0        0        2   240007      690
      P/B        0        0        2   240697      196
      P/B        0        0        2   240893      131
      P/B        0        0        2   241024       71
      P/B        0        0        2   241095       79
      P/B        0        0        2   241174      433
      P/B        0        0        2   241607      324
      P/B        0        0        2   241931      409
      P/B        0        0        2   242340      385
      P/B        0        0        2   242725      787
      P/B        0        0        2   243512      359
      P/B        0        0        2   243871       91
      P/B        0        0        2   243962      441
      P/B        0        0        2   244403      816
      P/B        0        0        2   245219      913
      P/B        0        0        2   246132      890
      P/B        0        0        2   247022     1357
      P/B        0        0        2   248379     1418
      P/B        0        0        2   249797     1129
      P/B        0        0        2   250926      715
      P/B        0        0        2   251641     1027
      P/B        0        0        2   252668     1415
      P/B        0        0        2   254083     1594
      P/B        0        0        2   255677     1499
      P/B        0        0        2   257176     1436
      P/B        0        0        2   258612     1530
      P/B        0        0        2   260142      963
      P/B        0        0        2   261105     1019
      P/B        0        0        2   262124     1202
      P/B        0        0        2   263326     1072
      P/B        0        0        2   264398     1177
      P/B        0        0        2   265575     1174
      P/B        0        0        2   266749      994
      P/B        0        0        2   267743     1158
      P/B        0        0        2   268901     1159
      P/B        0        0        2   270060     1003
      P/B        0        0        2   271063      597
      P/B        0        0        2   271660      508
      P/B        0        0        2   272168      477
      P/B        0        0        2   272645      565
      P/B        0        0        2   273210      553
      P/B        0        0        2   273763      633
      P/B        0        0        2   274396      738
      P/B        0        0        2   275134      665
      P/B        0        0        2   275799      562
      P/B        0        0        2   276361      440
      P/B        0        1        3   276801       20
      P/B        0        1        3   276821       70
      P/B        0        1        3   276891       27
      P/B        0        1        3   276918       18
      P/B        0        1        3   276936       57
      P/B        0        1        3   276993       50
      P/B        0        1        3   277043      134
      P/B        0        1        3   277177      225
      P/B        0        1        3   277402      252
      P/B        0        1        3   277654      228
      P/B        0        1        3   277882      255
      P/B        0        1        3   278137      190
      P/B        0        1        3   278327      291
      P/B        0        1        3   278618      332
      P/B        0        1        3   278950      280
      P/B        0        1        3   279230      299
      P/B        0        1        3   279529      279
      P/B        0        1        3   279808      423
      P/B        0        1        3   280231      424
      P/B        0        1        3   280655      253
      P/B        0        1        3   280908      233
      P/B        0        1        3   281141      423
      P/B        0        1        3   281564      247
      P/B        0        1        3   281811      431
      P/B        0        1        3   282242      422
      P/B        0        1        3   282664      412
      P/B        0        1        3   283076       84
      P/B        0        1        4   283160       18
      P/B        0        1        4   283178       24
      P/B        0        1        4   283202       19
      P/B        0        1        4   283221       16
      P/B        0        1        4   283237       17
      P/B        0        1        4   283254       17
      P/B        0        1        4   283271       28
      P/B        0        1        4   283299       74
      P/B        0        1        4   283373      121
      P/B        0        1        4   283494      157
      P/B        0        1        4   283651      204
      P/B        0        1        4   283855      215
      P/B        0        1        4   284070      186
      P/B        0        1        4   284256      144
      P/B        0        1        4   284400      179
      P/B        0        1        5   284579       14
      P/B        0        1        5   284593       14
      P/B        0        1        5   284607       15
      P/B        0        1        5   284622       14
      P/B        0        1        5   284636       16
      P/B        0        1        5   284652       14
      P/B        0        1        5   284666       17
      P/B        0        1        5   284683       18
      P/B        0        1        5   284701       20
      P/B        0        1        5   284721       20
      P/B        0        1        5   284741       39
      P/B        0        1        5   284780       30
      P/B        0        1        5   284810       33
      P/B        0        1        5   284843       32
      P/B        0        1        5   284875       50
      P/B        0        1        6   284925       13
      P/B        0        1        6   284938       14
      P/B        0        1        6   284952       14
      P/B        0        1        6   284966       14
      P/B        0        1        6   284980       14
      P/B        0        1        6   284994       14
      P/B        0        1        6   285008       14
      P/B        0        1        6   285022       14
      P/B        0        1        6   285036       16
      P/B        0        1        6   285052       15
      P/B        0        1        6   285067       19
      P/B        0        1        6   285086       17
      P/B        0        1        6   285103       22
      P/B        0        1        6   285125       22
      P/B        0        1        6   285147       22
      P/B        0        1        7   285169       13
      P/B        0        1        7   285182       15
      P/B        0        1        7   285197       14
      P/B        0        1        7   285211       14
      P/B        0        1        7   285225       14
      P/B        0        1        7   285239       14
      P/B        0        1        7   285253       15
      P/B        0        1        7   285268       19
      P/B        0        1        7   285287       18
      P/B        0        1        7   285305       18
      P/B        0        1        7   285323       19
      P/B        0        1        7   285342       22
      P/B        0        1        7   285364       16
      P/B        0        1        7   285380       22
      P/B        0        1        7   285402       22
      P/B        0        1        8   285424       13
      P/B        0        1        8   285437       14
      P/B        0        1        8   285451       14
      P/B        0        1        8   285465       14
      P/B        0        1        8   285479       14
      P/B        0        1        8   285493       14
      P/B        0        1        8   285507       14
      P/B        0        1        8   285521       14
      P/B        0        1        8   285535       15
      P/B        0        1        8   285550       14
      P/B        0        1        8   285564       14
      P/B        0        1        8   285578       14
      P/B        0        1        8   285592       14
      P/B        0        1        8   285606       15
      P/B        0        1        8   285621       17
      P/B        0        1        9   285638       13
      P/B        0        1        9   285651       14
      P/B        0        1        9   285665       14
      P/B        0        1        9   285679       14
      P/B        0        1        9   285693       14
      P/B        0        1        9   285707       14
      P/B        0        1        9   285721       14
      P/B        0        1        9   285735       14
      P/B        0        1        9   285749       14
      P/B        0        1        9   285763       14
      P/B        0        1        9   285777       14
      P/B        0        1        9   285791       14
      P/B        0        1        9   285805       14
      P/B        0        1        9   285819       15
      P/B        0        1        9   285834       15
      P/B        0        1       10   285849       15
      P/B        0        1       10   285864       19
      P/B        0        1       10   285883       20
      P/B        0        1       10   285903       17
      P/B        0        1       10   285920       17
      P/B        0        1       10   285937       17
      P/B        0        1       10   285954       15
      P/B        0        1       10   285969       22
      P/B        0        1       10   285991       23
      P/B        0        1       10   286014       17
      P/B        0        1       10   286031       22
      P/B        0        1       10   286053       23
      P/B        0        1       10   286076       30
      P/B        0        1       10   286106       21
      P/B        0        1       10   286127       24
      P/B        0        1       11   286151       14
      P/B        0        1       11   286165       14
      P/B        0        1       11   286179       14
      P/B        0        1       11   286193       14
      P/B        0        1       11   286207       14
      P/B        0        1       11   286221       14
      P/B        0        1       11   286235       14
      P/B        0        1       11   286249       14
      P/B        0        1       11   286263       14
      P/B        0        1       11   286277       14
      P/B        0        1       11   286291       14
      P/B        0        1       11   286305       14
      P/B        0        1       11   286319       16
      P/B        0        1       11   286335       15
      P/B        0        1       11   286350       25
      P/B        0        1       12   286375       13
      P/B        0        1       12   286388       14
      P/B        0        1       12   286402       14
      P/B        0        1       12   286416       14
      P/B        0        1       12   286430       14
      P/B        0        1       12   286444       14
      P/B        0        1       12   286458       14
      P/B        0        1       12   286472       14
      P/B        0        1       12   286486       14
      P/B        0        1       12   286500       14
      P/B        0        1       12   286514       15
      P/B        0        1       12   286529       14
      P/B        0        1       12   286543       15
      P/B        0        1       12   286558       15
      P/B        0        1       12   286573       17
      P/B        0        1       13   286590       13
      P/B        0        1       13   286603       14
      P/B        0        1       13   286617       14
      P/B        0        1       13   286631       14
      P/B        0        1       13   286645       14
      P/B        0        1       13   286659       14
      P/B        0        1       13   286673       16
      P/B        0        1       13   286689       14
      P/B        0        1       13   286703       14
      P/B        0        1       13   286717       15
      P/B        0        1       13   286732       14
      P/B        0        1       13   286746       14
      P/B        0        1       13   286760       15
      P/B        0        1       13   286775       16
      P/B        0        1       13   286791       16
      P/B        0        1       14   286807       13
      P/B        0        1       14   286820       17
      P/B        0        1       14   286837       14
      P/B        0        1       14   286851       14
      P/B        0        1       14   286865       14
      P/B        0        1       14   286879       14
      P/B        0        1       14   286893       17
      P/B        0        1       14   286910       14
      P/B        0        1       14   286924       15
      P/B        0        1       14   286939       17
      P/B        0        1       14   286956       18
      P/B        0        1       14   286974       17
      P/B        0        1       14   286991       25
      P/B        0        1       14   287016       18
      P/B        0        1       14   287034       18
      P/B        0        1       15   287052       13
      P/B        0        1       15   287065       14
      P/B        0        1       15   287079       14
      P/B        0        1       15   287093       14
      P/B        0        1       15   287107       19
      P/B        0        1       15   287126       14
      P/B        0        1       15   287140       16
      P/B        0        1       15   287156       17
      P/B        0        1       15   287173       17
      P/B        0        1       15   287190       14
      P/B        0        1       15   287204       15
      P/B        0        1       15   287219       14
      P/B        0        1       15   287233       15
      P/B        0        1       15   287248       15
      P/B        0        1       15   287263       15
      P/B        0        1       16   287278       13
      P/B        0        1       16   287291       14
      P/B        0        1       16   287305       14
      P/B        0        1       16   287319       14
      P/B        0        1       16   287333       14
      P/B        0        1       16   287347       14
      P/B        0        1       16   287361       14
      P/B        0        1       16   287375       14
      P/B        0        1       16   287389       14
      P/B        0        1       16   287403       14
      P/B        0        1       16   287417       15
      P/B        0        1       16   287432       15
      P/B        0        1       16   287447       15
      P/B        0        1       16   287462       22
      P/B        0        1       16   287484       15
      P/B        0        0       17   287499       53
      P/B        0        0       17   287552      116
      P/B        0        0       17   287668       59
      P/B        0        0       17   287727       21
      P/B        0        0       17   287748      204
      P/B        0        0       17   287952      206
      P/B        0        0       17   288158      246
      P/B        0        0       17   288404      284
      P/B        0        0       17   288688      256
      P/B        0        0       17   288944      285
      P/B        0        0       17   289229      413
      P/B        0        0       17   289642      219
      P/B        0        0       17   289861      320
      P/B        0        0       17   290181      355
      P/B        0        0       17   290536      312
      P/B        0        0       17   290848      331
      P/B        0        0       17   291179      317
      P/B        0        0       17   291496      236
      P/B        0        0       17   291732      242
      P/B        0        0       17   291974      247
      P/B        0        0       17   292221      245
      P/B        0        0       17   292466      237
      P/B        0        0       17   292703      241
      P/B        0        0       17   292944      239
      P/B        0        0       17   293183      225
      P/B        0        0       17   293408      412
      P/B        0        0       17   293820      219
      P/B        0        0       17   294039      393
      P/B        0        0       17   294432      165
      P/B        0        0       17   294597      306
      P/B        0        0       17   294903      199
      P/B        0        1       18   295102       20
      P/B        0        1       18   295122       21
      P/B        0        1       18   295143       23
      P/B        0        1       18   295166       19
      P/B        0        1       18   295185       22
      P/B        0        1       18   295207       20
      P/B        0        1       18   295227       29
      P/B        0        1       18   295256       38
      P/B        0        1       18   295294       54
      P/B        0        1       18   295348       71
      P/B        0        1       18   295419       85
      P/B        0        1       18   295504       85
      P/B        0        1       18   295589       90
      P/B        0        1       18   295679       79
      P/B        0        1       18   295758       70
      P/B        0        1       19   295828       18
      P/B        0        1       19   295846       16
      P/B        0        1       19   295862       16
      P/B        0        1       19   295878       16
      P/B        0        1       19   295894       16
      P/B        0        1       19   295910       19
      P/B        0        1       19   295929       17
      P/B        0        1       19   295946       19
      P/B        0        1       19   295965       23
      P/B        0        1       19   295988       17
      P/B        0        1       19   296005       18
      P/B        0        1       19   296023       20
      P/B        0        1       19   296043       24
      P/B        0        1       19   296067       21
      P/B        0        1       19   296088       23
      P/B        0        1       20   296111       15
      P/B        0        1       20   296126       16
      P/B        0        1       20   296142       16
      P/B        0        1       20   296158       16
      P/B        0        1       20   296174       16
      P/B        0        1       20   296190       16
      P/B        0        1       20   296206       16
      P/B        0        1       20   296222       16
      P/B        0        1       20   296238       16
      P/B        0        1       20   296254       16
      P/B        0        1       20   296270       16
      P/B        0        1       20   296286       16
      P/B        0        1       20   296302       16
      P/B        0        1       20   296318       17
      P/B        0        1       20   296335       17
      P/B        0        1       21   296352       15
      P/B        0        1       21   296367       16
      P/B        0        1       21   296383       16
      P/B        0        1       21   296399       16
      P/B        0        1       21   296415       16
      P/B        0        1       21   296431       16
      P/B        0        1       21   296447       16
      P/B        0        1       21   296463       16
      P/B        0        1       21   296479       16
      P/B        0        1       21   296495       16
      P/B        0        1       21   296511       16
      P/B        0        1       21   296527       16
      P/B        0        1       21   296543       16
      P/B        0        1       21   296559       17
      P/B        0        1       21   296576       19
      P/B        0        1       22   296595       16
      P/B        0        1       22   296611       18
      P/B        0        1       22   296629       17
      P/B        0        1       22   296646       17
      P/B        0        1       22   296663       17
      P/B        0        1       22   296680       16
      P/B        0        1       22   296696       17
      P/B        0        1       22   296713       16
      P/B        0        1       22   296729       18
      P/B        0        1       22   296747       16
      P/B        0        1       22   296763       17
      P/B        0        1       22   296780       17
      P/B        0        1       22   296797       19
      P/B        0        1       22   296816       18
      P/B        0        1       22   296834       25
      P/B        0        1       23   296859       15
      P/B        0        1       23   296874       16
      P/B        0        1       23   296890       16
      P/B        0        1       23   296906       16
      P/B        0        1       23   296922       16
      P/B        0        1       23   296938       16
      P/B        0        1       23   296954       16
      P/B        0        1       23   296970       16
      P/B        0        1       23   296986       16
      P/B        0        1       23   297002       16
      P/B        0        1       23   297018       16
      P/B        0        1       23   297034       16
      P/B        0        1       23   297050       16
      P/B        0        1       23   297066       17
      P/B        0        1       23   297083       17
      P/B        0        1       24   297100       15
      P/B        0        1       24   297115       16
      P/B        0        1       24   297131       16
      P/B        0        1       24   297147       16
      P/B        0        1       24   297163       16
      P/B        0        1       24   297179       16
      P/B        0        1       24   297195       16
      P/B        0        1       24   297211       16
      P/B        0        1       24   297227       16
      P/B        0        1       24   297243       16
      P/B        0        1       24   297259       16
      P/B        0        1       24   297275       16
      P/B        0        1       24   297291       17
      P/B        0        1       24   297308       20
      P/B        0        1       24   297328       17
      P/B        0        1       25   297345       20
      P/B        0        1       25   297365       21
      P/B        0        1       25   297386       21
      P/B        0        1       25   297407       17
      P/B        0        1       25   297424       19
      P/B        0        1       25   297443       19
      P/B        0        1       25   297462       17
      P/B        0        1       25   297479       22
      P/B        0        1       25   297501       23
      P/B        0        1       25   297524       20
      P/B        0        1       25   297544       42
      P/B        0        1       25   297586       30
      P/B        0        1       25   297616       34
      P/B        0        1       25   297650       36
      P/B        0        1       25   297686       36
      P/B        0        1       26   297722       15
      P/B        0        1       26   297737       16
      P/B        0        1       26   297753       16
      P/B        0        1       26   297769       16
      P/B        0        1       26   297785       16
      P/B        0        1       26   297801       16
      P/B        0        1       26   297817       16
      P/B        0        1       26   297833       16
      P/B        0        1       26   297849       17
      P/B        0        1       26   297866       16
      P/B        0        1       26   297882       17
      P/B        0        1       26   297899       18
      P/B        0        1       26   297917       19
      P/B        0        1       26   297936       18
      P/B        0        1       26   297954       17
      P/B        0        1       27   297971       15
      P/B        0        1       27   297986       16
      P/B        0        1       27   298002       16
      P/B        0        1       27   298018       16
      P/B        0        1       27   298034       16
      P/B        0        1       27   298050       16
      P/B        0        1       27   298066       16
      P/B        0        1       27   298082       16
      P/B        0        1       27   298098       16
      P/B        0        1       27   298114       16
      P/B        0        1       27   298130       16
      P/B        0        1       27   298146       16
      P/B        0        1       27   298162       18
      P/B        0        1       27   298180       21
      P/B        0        1       27   298201       19
      P/B        0        1       28   298220       15
      P/B        0        1       28   298235       16
      P/B        0        1       28   298251       16
      P/B        0        1       28   298267       16
      P/B        0        1       28   298283       16
      P/B        0        1       28   298299       16
      P/B        0        1       28   298315       16
      P/B        0        1       28   298331       16
      P/B        0        1       28   298347       16
      P/B        0        1       28   298363       16
      P/B        0        1       28   298379       17
      P/B        0        1       28   298396       16
      P/B        0        1       28   298412       17
      P/B        0        1       28   298429       18
      P/B        0        1       28   298447       19
      P/B        0        1       29   298466       15
      P/B        0        1       29   298481       16
      P/B        0        1       29   298497       16
      P/B        0        1       29   298513       16
      P/B        0        1       29   298529       17
      P/B        0        1       29   298546       16
      P/B        0        1       29   298562       16
      P/B        0        1       29   298578       19
      P/B        0        1       29   298597       20
      P/B        0        1       29   298617       23
      P/B        0        1       29   298640       22
      P/B        0        1       29   298662       23
      P/B        0        1       29   298685       19
      P/B        0        1       29   298704       25
      P/B        0        1       29   298729       19
      P/B        0        1       30   298748       18
      P/B        0        1       30   298766       16
      P/B        0        1       30   298782       16
      P/B        0        1       30   298798       16
      P/B        0        1       30   298814       16
      P/B        0        1       30   298830       16
      P/B        0        1       30   298846       16
      P/B        0        1       30   298862       16
      P/B        0        1       30   298878       16
      P/B        0        1       30   298894       16
      P/B        0        1       30   298910       16
      P/B        0        1       30   298926       17
      P/B        0        1       30   298943       16
      P/B        0        1       30   298959       19
      P/B        0        1       30   298978       17
      P/B        0        1       31   298995       16
      P/B        0        1       31   299011       16
      P/B        0        1       31   299027       16
      P/B        0        1       31   299043       16
      P/B        0        1       31   299059       17
      P/B        0        1       31   299076       16
      P/B        0        1       31   299092       20
      P/B        0        1       31   299112       21
      P/B        0        1       31   299133       18
      P/B        0        1       31   299151       18
      P/B        0        1       31   299169       24
      P/B        0        1       31   299193       30
      P/B        0        1       31   299223       23
      P/B        0        1       31   299246       20
      P/B        0        1       31   299266       28
