#     Type isHeader isNonRef    PicId   Offset   Length
      VPS        1        0        0        0       36
      SPS        1        0        0       36       74
      PPS        1        0        0      110       11
      IDR        0        0        0      121    12377
      IDR        0        0        0    12498    17870
      IDR        0        0        0    30368    21088
      IDR        0        0        0    51456    28980
      IDR        0        0        0    80436    25728
      IDR        0        0        0   106164    13958
      P/B        0        0        1   120122     2920
      P/B        0        0        1   123042     2067
      P/B        0        0        1   125109     4636
      P/B        0        0        1   129745    11876
      P/B        0        0        1   141621     9964
      P/B        0        0        1   151585     5369
      P/B        0        0        2   156954      624
      P/B        0        0        2   157578      523
      P/B        0        0        2   158101     1925
      P/B        0        0        2   160026     6388
      P/B        0        0        2   166414     5225
      P/B        0        0        2   171639     2709
      P/B        0        1        3   174348       50
      P/B        0        1        3   174398       22
      P/B        0        1        3   174420       76
      P/B        0        1        3   174496      744
      P/B        0        1        3   175240      852
      P/B        0        1        3   176092      457
      P/B        0        1        4   176549       21
      P/B        0        1        4   176570       21
      P/B        0        1        4   176591       18
      P/B        0        1        4   176609       70
      P/B        0        1        4   176679      140
      P/B        0        1        4   176819      120
      P/B        0        1        5   176939       14
      P/B        0        1        5   176953       15
      P/B        0        1        5   176968       14
      P/B        0        1        5   176982       15
      P/B        0        1        5   176997       28
      P/B        0        1        5   177025       26
      P/B        0        1        6   177051       13
      P/B        0        1        6   177064       14
      P/B        0        1        6   177078       14
      P/B        0        1        6   177092       15
      P/B        0        1        6   177107       21
      P/B        0        1        6   177128       21
      P/B        0        1        7   177149       14
      P/B        0        1        7   177163       15
      P/B        0        1        7   177178       15
      P/B        0        1        7   177193       25
      P/B        0        1        7   177218       27
      P/B        0        1        7   177245       28
      P/B        0        1        8   177273       13
      P/B        0        1        8   177286       14
      P/B        0        1        8   177300       14
      P/B        0        1        8   177314       14
      P/B        0        1        8   177328       15
      P/B        0        1        8   177343       20
      P/B        0        1        9   177363       13
      P/B        0        1        9   177376       14
      P/B        0        1        9   177390       14
      P/B        0        1        9   177404       15
      P/B        0        1        9   177419       20
      P/B        0        1        9   177439       22
      P/B        0        1       10   177461       18
      P/B        0        1       10   177479       18
      P/B        0        1       10   177497       19
      P/B        0        1       10   177516       41
      P/B        0        1       10   177557       82
      P/B        0        1       10   177639       42
      P/B        0        1       11   177681       16
      P/B        0        1       11   177697       14
      P/B        0        1       11   177711       14
      P/B        0        1       11   177725       15
      P/B        0        1       11   177740       20
      P/B        0        1       11   177760       18
      P/B        0        1       12   177778       13
      P/B        0        1       12   177791       14
      P/B        0        1       12   177805       14
      P/B        0        1       12   177819       14
      P/B        0        1       12   177833       21
      P/B        0        1       12   177854       21
      P/B        0        1       13   177875       13
      P/B        0        1       13   177888       14
      P/B        0        1       13   177902       14
      P/B        0        1       13   177916       14
      P/B        0        1       13   177930       16
      P/B        0        1       13   177946       20
      P/B        0        1       14   177966       15
      P/B        0        1       14   177981       17
      P/B        0        1       14   177998       17
      P/B        0        1       14   178015       16
      P/B        0        1       14   178031       19
      P/B        0        1       14   178050       23
      P/B        0        1       15   178073       14
      P/B        0        1       15   178087       14
      P/B        0        1       15   178101       14
      P/B        0        1       15   178115       14
      P/B        0        1       15   178129       16
      P/B        0        1       15   178145       15
      P/B        0        1       16   178160       13
      P/B        0        1       16   178173       14
      P/B        0        1       16   178187       14
      P/B        0        1       16   178201       19
      P/B        0        1       16   178220       16
      P/B        0        1       16   178236       22
      P/B        0        0       17   178258      160
      P/B        0        0       17   178418      253
      P/B        0        0       17   178671      699
      P/B        0        0       17   179370     2680
      P/B        0        0       17   182050     2211
      P/B        0        0       17   184261     1213
      P/B        0        1       18   185474       25
      P/B        0        1       18   185499       22
      P/B        0        1       18   185521       35
      P/B        0        1       18   185556      147
      P/B        0        1       18   185703      217
      P/B        0        1       18   185920      175
      P/B        0        1       19   186095       20
      P/B        0        1       19   186115       19
      P/B        0        1       19   186134       21
      P/B        0        1       19   186155       24
      P/B        0        1       19   186179       32
      P/B        0        1       19   186211       38
      P/B        0        1       20   186249       16
      P/B        0        1       20   186265       16
      P/B        0        1       20   186281       16
      P/B        0        1       20   186297       16
      P/B        0        1       20   186313       17
      P/B        0        1       20   186330       18
      P/B        0        1       21   186348       15
      P/B        0        1       21   186363       16
      P/B        0        1       21   186379       16
      P/B        0        1       21   186395       16
      P/B        0        1       21   186411       17
      P/B        0        1       21   186428       20
      P/B        0        1       22   186448       17
      P/B        0        1       22   186465       18
      P/B        0        1       22   186483       18
      P/B        0        1       22   186501       22
      P/B        0        1       22   186523       20
      P/B        0        1       22   186543       22
      P/B        0        1       23   186565       15
      P/B        0        1       23   186580       16
      P/B        0        1       23   186596       15
      P/B        0        1       23   186611       16
      P/B        0        1       23   186627       16
      P/B        0        1       23   186643       16
      P/B        0        1       24   186659       15
      P/B        0        1       24   186674       17
      P/B        0        1       24   186691       16
      P/B        0        1       24   186707       16
      P/B        0        1       24   186723       19
      P/B        0        1       24   186742       26
      P/B        0        1       25   186768       21
      P/B        0        1       25   186789       19
      P/B        0        1       25   186808       20
      P/B        0        1       25   186828       44
      P/B        0        1       25   186872       79
      P/B        0        1       25   186951       48
      P/B        0        1       26   186999       16
      P/B        0        1       26   187015       16
      P/B        0        1       26   187031       15
      P/B        0        1       26   187046       17
      P/B        0        1       26   187063       19
      P/B        0        1       26   187082       23
      P/B        0        1       27   187105       15
      P/B        0        1       27   187120       15
      P/B        0        1       27   187135       15
      P/B        0        1       27   187150       15
      P/B        0        1       27   187165       16
      P/B        0        1       27   187181       23
      P/B        0        1       28   187204       15
      P/B        0        1       28   187219       16
      P/B        0        1       28   187235       16
      P/B        0        1       28   187251       17
      P/B        0        1       28   187268       17
      P/B        0        1       28   187285       21
      P/B        0        1       29   187306       19
      P/B        0        1       29   187325       17
      P/B        0        1       29   187342       22
      P/B        0        1       29   187364       29
      P/B        0        1       29   187393       30
      P/B        0        1       29   187423       23
      P/B        0        1       30   187446       16
      P/B        0        1       30   187462       15
      P/B        0        1       30   187477       15
      P/B        0        1       30   187492       15
      P/B        0        1       30   187507       16
      P/B        0        1       30   187523       36
      P/B        0        1       31   187559       16
      P/B        0        1       31   187575       18
      P/B        0        1       31   187593       21
      P/B        0        1       31   187614       17
      P/B        0        1       31   187631       22
      P/B        0        1       31   187653       24
